-0.081722, -0.040861, 10.119919, 34300560064000
-0.081722, -0.040861, 10.119919, 34300560064000
-0.081722, -0.040861, 10.119919, 34300560064000
0.040861, -0.081722, 10.147159, 34300577886000
0.040861, -0.081722, 10.147159, 34300577886000
0.040861, -0.081722, 10.147159, 34300577886000
-0.000000, -0.081722, 9.888372, 34300596075000
-0.000000, -0.081722, 9.888372, 34300596075000
-0.000000, -0.081722, 9.888372, 34300596075000
-0.081722, -0.108963, 9.466142, 34300623510000
-0.081722, -0.108963, 9.466142, 34300623510000
-0.081722, -0.108963, 9.466142, 34300623510000
-0.040861, -0.190685, 9.466142, 34300641668000
-0.040861, -0.190685, 9.466142, 34300641668000
-0.040861, -0.190685, 9.466142, 34300641668000
0.081722, -0.149824, 9.656827, 34300660955000
0.081722, -0.149824, 9.656827, 34300660955000
0.081722, -0.149824, 9.656827, 34300660955000
0.081722, -0.149824, 9.806650, 34300679876000
0.081722, -0.149824, 9.806650, 34300679876000
0.081722, -0.149824, 9.806650, 34300679876000
-0.108963, -0.081722, 9.724928, 34300714056000
-0.108963, -0.081722, 9.724928, 34300714056000
-0.108963, -0.081722, 9.724928, 34300714056000
-0.149824, -0.040861, 9.615966, 34300732183000
-0.149824, -0.040861, 9.615966, 34300732183000
-0.149824, -0.040861, 9.615966, 34300732183000
-0.149824, 0.000000, 9.534244, 34300750585000
-0.149824, 0.000000, 9.534244, 34300750585000
-0.149824, 0.000000, 9.534244, 34300750585000
-0.108963, 0.081722, 9.534244, 34300768529000
-0.108963, 0.081722, 9.534244, 34300768529000
-0.108963, 0.081722, 9.534244, 34300768529000
-0.108963, 0.108963, 9.697687, 34300786626000
-0.108963, 0.108963, 9.697687, 34300786626000
-0.108963, 0.108963, 9.697687, 34300786626000
-0.108963, 0.149824, 9.847511, 34300805364000
-0.108963, 0.149824, 9.847511, 34300805364000
-0.108963, 0.149824, 9.847511, 34300805364000
-0.149824, 0.231546, 9.956474, 34300823186000
-0.149824, 0.231546, 9.956474, 34300823186000
-0.149824, 0.231546, 9.956474, 34300823186000
-0.149824, 0.313268, 9.956474, 34300841619000
-0.149824, 0.313268, 9.956474, 34300841619000
-0.149824, 0.313268, 9.956474, 34300841619000
-0.190685, 0.272407, 9.956474, 34300859472000
-0.190685, 0.272407, 9.956474, 34300859472000
-0.190685, 0.272407, 9.956474, 34300859472000
-0.231546, 0.190685, 9.915613, 34300879491000
-0.231546, 0.190685, 9.915613, 34300879491000
-0.231546, 0.190685, 9.915613, 34300879491000
-0.231546, 0.149824, 9.806650, 34300897893000
-0.231546, 0.149824, 9.806650, 34300897893000
-0.231546, 0.149824, 9.806650, 34300897893000
-0.231546, 0.108963, 9.615966, 34300917058000
-0.231546, 0.108963, 9.615966, 34300917058000
-0.231546, 0.108963, 9.615966, 34300917058000
-0.231546, 0.081722, 9.656827, 34300936224000
-0.231546, 0.081722, 9.656827, 34300936224000
-0.231546, 0.081722, 9.656827, 34300936224000
-0.190685, 0.040861, 9.724928, 34300968236000
-0.190685, 0.040861, 9.724928, 34300968236000
-0.190685, 0.040861, 9.724928, 34300968236000
-0.190685, 0.000000, 9.806650, 34300999883000
-0.190685, 0.000000, 9.806650, 34300999883000
-0.190685, 0.000000, 9.806650, 34300999883000
-0.231546, -0.040861, 9.724928, 34301019842000
-0.231546, -0.040861, 9.724928, 34301019842000
-0.231546, -0.040861, 9.724928, 34301019842000
-0.231546, -0.040861, 9.656827, 34301038122000
-0.231546, -0.040861, 9.656827, 34301038122000
-0.231546, -0.040861, 9.656827, 34301038122000
-0.190685, 0.000000, 9.697687, 34301056310000
-0.190685, 0.000000, 9.697687, 34301056310000
-0.190685, 0.000000, 9.697687, 34301056310000
-0.149824, 0.000000, 9.847511, 34301074834000
-0.149824, 0.000000, 9.847511, 34301074834000
-0.149824, 0.000000, 9.847511, 34301074834000
-0.108963, 0.040861, 9.915613, 34301092931000
-0.108963, 0.040861, 9.915613, 34301092931000
-0.108963, 0.040861, 9.915613, 34301092931000
-0.149824, 0.081722, 9.888372, 34301111547000
-0.149824, 0.081722, 9.888372, 34301111547000
-0.149824, 0.081722, 9.888372, 34301111547000
-0.190685, 0.081722, 9.888372, 34301129369000
-0.190685, 0.081722, 9.888372, 34301129369000
-0.190685, 0.081722, 9.888372, 34301129369000
-0.149824, 0.040861, 9.847511, 34301147314000
-0.149824, 0.040861, 9.847511, 34301147314000
-0.149824, 0.040861, 9.847511, 34301147314000
-0.108963, 0.040861, 9.697687, 34301165441000
-0.108963, 0.040861, 9.697687, 34301165441000
-0.108963, 0.040861, 9.697687, 34301165441000
-0.108963, 0.081722, 9.656827, 34301183599000
-0.108963, 0.081722, 9.656827, 34301183599000
-0.108963, 0.081722, 9.656827, 34301183599000
-0.081722, 0.000000, 9.806650, 34301201574000
-0.081722, 0.000000, 9.806650, 34301201574000
-0.081722, 0.000000, 9.806650, 34301201574000
-0.040861, -0.149824, 9.997335, 34301220739000
-0.040861, -0.149824, 9.997335, 34301220739000
-0.040861, -0.149824, 9.997335, 34301220739000
-0.000000, -0.190685, 9.997335, 34301239202000
-0.000000, -0.190685, 9.997335, 34301239202000
-0.000000, -0.190685, 9.997335, 34301239202000
-0.108963, -0.108963, 9.697687, 34301257635000
-0.108963, -0.108963, 9.697687, 34301257635000
-0.108963, -0.108963, 9.697687, 34301257635000
-0.108963, 0.108963, 9.343558, 34301277685000
-0.108963, 0.108963, 9.343558, 34301277685000
-0.108963, 0.108963, 9.343558, 34301277685000
-0.149824, 0.272407, 9.507003, 34301295873000
-0.149824, 0.272407, 9.507003, 34301295873000
-0.149824, 0.272407, 9.507003, 34301295873000
-0.231546, 0.231546, 9.697687, 34301314367000
-0.231546, 0.231546, 9.697687, 34301314367000
-0.231546, 0.231546, 9.697687, 34301314367000
-0.299648, 0.081722, 9.575105, 34301333105000
-0.299648, 0.081722, 9.575105, 34301333105000
-0.299648, 0.081722, 9.575105, 34301333105000
-0.299648, -0.081722, 9.697687, 34301351568000
-0.299648, -0.081722, 9.697687, 34301351568000
-0.299648, -0.081722, 9.697687, 34301351568000
-0.231546, -0.040861, 9.806650, 34301369695000
-0.231546, -0.040861, 9.806650, 34301369695000
-0.231546, -0.040861, 9.806650, 34301369695000
-0.190685, 0.108963, 9.806650, 34301388280000
-0.190685, 0.108963, 9.806650, 34301388280000
-0.190685, 0.108963, 9.806650, 34301388280000
-0.272407, 0.108963, 9.697687, 34301407018000
-0.272407, 0.108963, 9.697687, 34301407018000
-0.272407, 0.108963, 9.697687, 34301407018000
-0.272407, -0.081722, 9.466142, 34301424901000
-0.272407, -0.081722, 9.466142, 34301424901000
-0.272407, -0.081722, 9.466142, 34301424901000
-0.272407, -0.040861, 9.343558, 34301443304000
-0.272407, -0.040861, 9.343558, 34301443304000
-0.272407, -0.040861, 9.343558, 34301443304000
-0.231546, 0.000000, 9.575105, 34301462011000
-0.231546, 0.000000, 9.575105, 34301462011000
-0.231546, 0.000000, 9.575105, 34301462011000
-0.231546, -0.081722, 9.888372, 34301480321000
-0.231546, -0.081722, 9.888372, 34301480321000
-0.231546, -0.081722, 9.888372, 34301480321000
-0.299648, -0.149824, 9.806650, 34301498205000
-0.299648, -0.149824, 9.806650, 34301498205000
-0.299648, -0.149824, 9.806650, 34301498205000
-0.272407, 0.108963, 9.425281, 34301516729000
-0.272407, 0.108963, 9.425281, 34301516729000
-0.272407, 0.108963, 9.425281, 34301516729000
-0.272407, 0.381370, 9.343558, 34301535375000
-0.272407, 0.381370, 9.343558, 34301535375000
-0.272407, 0.381370, 9.343558, 34301535375000
-0.381370, 0.231546, 9.615966, 34301553594000
-0.381370, 0.231546, 9.615966, 34301553594000
-0.381370, 0.231546, 9.615966, 34301553594000
-0.463092, -0.040861, 9.956474, 34301571844000
-0.463092, -0.040861, 9.956474, 34301571844000
-0.463092, -0.040861, 9.956474, 34301571844000
-0.572055, -0.149824, 9.956474, 34301590124000
-0.572055, -0.149824, 9.956474, 34301590124000
-0.572055, -0.149824, 9.956474, 34301590124000
-0.844462, -0.081722, 10.079058, 34301609472000
-0.844462, -0.081722, 10.079058, 34301609472000
-0.844462, -0.081722, 10.079058, 34301609472000
-0.653777, 0.340509, 10.419566, 34301627935000
-0.653777, 0.340509, 10.419566, 34301627935000
-0.653777, 0.340509, 10.419566, 34301627935000
-0.108963, 0.612916, 10.147159, 34301647802000
-0.108963, 0.612916, 10.147159, 34301647802000
-0.108963, 0.612916, 10.147159, 34301647802000
-0.422231, 0.463092, 10.079058, 34301666204000
-0.422231, 0.463092, 10.079058, 34301666204000
-0.422231, 0.463092, 10.079058, 34301666204000
-0.340509, -0.081722, 9.997335, 34301684667000
-0.340509, -0.081722, 9.997335, 34301684667000
-0.340509, -0.081722, 9.997335, 34301684667000
-0.190685, -0.149824, 10.038197, 34301703557000
-0.190685, -0.149824, 10.038197, 34301703557000
-0.190685, -0.149824, 10.038197, 34301703557000
-0.108963, 0.149824, 9.888372, 34301721715000
-0.108963, 0.149824, 9.888372, 34301721715000
-0.108963, 0.149824, 9.888372, 34301721715000
-0.081722, 0.272407, 9.806650, 34301739873000
-0.081722, 0.272407, 9.806650, 34301739873000
-0.081722, 0.272407, 9.806650, 34301739873000
-0.149824, 0.231546, 9.888372, 34301757970000
-0.149824, 0.231546, 9.888372, 34301757970000
-0.149824, 0.231546, 9.888372, 34301757970000
-0.108963, 0.190685, 9.806650, 34301778265000
-0.108963, 0.190685, 9.806650, 34301778265000
-0.108963, 0.190685, 9.806650, 34301778265000
-0.190685, 0.231546, 9.765789, 34301796636000
-0.190685, 0.231546, 9.765789, 34301796636000
-0.190685, 0.231546, 9.765789, 34301796636000
-0.190685, 0.313268, 9.888372, 34301815008000
-0.190685, 0.313268, 9.888372, 34301815008000
-0.190685, 0.313268, 9.888372, 34301815008000
-0.149824, 0.272407, 9.997335, 34301833562000
-0.149824, 0.272407, 9.997335, 34301833562000
-0.149824, 0.272407, 9.997335, 34301833562000
-0.149824, 0.231546, 9.997335, 34301851537000
-0.149824, 0.231546, 9.997335, 34301851537000
-0.149824, 0.231546, 9.997335, 34301851537000
-0.190685, 0.272407, 9.847511, 34301869482000
-0.190685, 0.272407, 9.847511, 34301869482000
-0.190685, 0.272407, 9.847511, 34301869482000
-0.272407, 0.149824, 9.697687, 34301887548000
-0.272407, 0.149824, 9.697687, 34301887548000
-0.272407, 0.149824, 9.697687, 34301887548000
-0.272407, -0.081722, 9.534244, 34301906957000
-0.272407, -0.081722, 9.534244, 34301906957000
-0.272407, -0.081722, 9.534244, 34301906957000
-0.340509, 0.040861, 9.425281, 34301925085000
-0.340509, 0.040861, 9.425281, 34301925085000
-0.340509, 0.040861, 9.425281, 34301925085000
-0.381370, 0.190685, 9.615966, 34301944097000
-0.381370, 0.190685, 9.615966, 34301944097000
-0.381370, 0.190685, 9.615966, 34301944097000
-0.463092, 0.313268, 9.697687, 34301962438000
-0.463092, 0.313268, 9.697687, 34301962438000
-0.463092, 0.313268, 9.697687, 34301962438000
-0.572055, 0.381370, 9.765789, 34301980718000
-0.572055, 0.381370, 9.765789, 34301980718000
-0.572055, 0.381370, 9.765789, 34301980718000
-0.653777, 0.381370, 9.915613, 34301998601000
-0.653777, 0.381370, 9.915613, 34301998601000
-0.653777, 0.381370, 9.915613, 34301998601000
-0.653777, 0.340509, 9.847511, 34302019475000
-0.653777, 0.340509, 9.847511, 34302019475000
-0.653777, 0.340509, 9.847511, 34302019475000
-0.721878, 0.503953, 9.656827, 34302040227000
-0.721878, 0.503953, 9.656827, 34302040227000
-0.721878, 0.503953, 9.656827, 34302040227000
-0.803600, 0.572055, 9.507003, 34302058111000
-0.803600, 0.572055, 9.507003, 34302058111000
-0.803600, 0.572055, 9.507003, 34302058111000
-0.994285, 0.463092, 9.534244, 34302076391000
-0.994285, 0.463092, 9.534244, 34302076391000
-0.994285, 0.463092, 9.534244, 34302076391000
-1.116868, 0.231546, 9.724928, 34302094152000
-1.116868, 0.231546, 9.724928, 34302094152000
-1.116868, 0.231546, 9.724928, 34302094152000
-1.076007, 0.040861, 9.507003, 34302114202000
-1.076007, 0.040861, 9.507003, 34302114202000
-1.076007, 0.040861, 9.507003, 34302114202000
-1.144109, -0.040861, 9.425281, 34302133367000
-1.144109, -0.040861, 9.425281, 34302133367000
-1.144109, -0.040861, 9.425281, 34302133367000
-1.184970, 0.081722, 9.847511, 34302153295000
-1.184970, 0.081722, 9.847511, 34302153295000
-1.184970, 0.081722, 9.847511, 34302153295000
-0.912563, 0.190685, 9.997335, 34302171606000
-0.912563, 0.190685, 9.997335, 34302171606000
-0.912563, 0.190685, 9.997335, 34302171606000
-0.572055, 0.190685, 9.534244, 34302189550000
-0.572055, 0.190685, 9.534244, 34302189550000
-0.572055, 0.190685, 9.534244, 34302189550000
-0.272407, 0.108963, 9.384419, 34302207616000
-0.272407, 0.108963, 9.384419, 34302207616000
-0.272407, 0.108963, 9.384419, 34302207616000
-0.108963, 0.040861, 9.806650, 34302225774000
-0.108963, 0.040861, 9.806650, 34302225774000
-0.108963, 0.040861, 9.806650, 34302225774000
-0.149824, 0.231546, 10.147159, 34302244085000
-0.149824, 0.231546, 10.147159, 34302244085000
-0.149824, 0.231546, 10.147159, 34302244085000
-0.108963, 0.503953, 9.847511, 34302262640000
-0.108963, 0.503953, 9.847511, 34302262640000
-0.108963, 0.503953, 9.847511, 34302262640000
0.040861, 0.531194, 9.765789, 34302280828000
0.040861, 0.531194, 9.765789, 34302280828000
0.040861, 0.531194, 9.765789, 34302280828000
0.149824, 0.422231, 10.079058, 34302300207000
0.149824, 0.422231, 10.079058, 34302300207000
0.149824, 0.422231, 10.079058, 34302300207000
0.149824, 0.231546, 9.997335, 34302319341000
0.149824, 0.231546, 9.997335, 34302319341000
0.149824, 0.231546, 9.997335, 34302319341000
0.190685, 0.313268, 9.656827, 34302338781000
0.190685, 0.313268, 9.656827, 34302338781000
0.190685, 0.313268, 9.656827, 34302338781000
0.149824, 0.422231, 9.425281, 34302356847000
0.149824, 0.422231, 9.425281, 34302356847000
0.149824, 0.422231, 9.425281, 34302356847000
-0.000000, 0.503953, 8.921328, 34302375982000
-0.000000, 0.503953, 8.921328, 34302375982000
-0.000000, 0.503953, 8.921328, 34302375982000
-0.190685, 0.721878, 9.043911, 34302395147000
-0.190685, 0.721878, 9.043911, 34302395147000
-0.190685, 0.721878, 9.043911, 34302395147000
-0.231546, 0.803600, 9.888372, 34302413518000
-0.231546, 0.803600, 9.888372, 34302413518000
-0.231546, 0.803600, 9.888372, 34302413518000
-0.272407, 0.612916, 10.038197, 34302432409000
-0.272407, 0.612916, 10.038197, 34302432409000
-0.272407, 0.612916, 10.038197, 34302432409000
-0.272407, 0.149824, 9.765789, 34302452306000
-0.272407, 0.149824, 9.765789, 34302452306000
-0.272407, 0.149824, 9.765789, 34302452306000
-0.149824, 0.108963, 10.079058, 34302470098000
-0.149824, 0.108963, 10.079058, 34302470098000
-0.149824, 0.108963, 10.079058, 34302470098000
-0.231546, 0.313268, 9.956474, 34302488348000
-0.231546, 0.313268, 9.956474, 34302488348000
-0.231546, 0.313268, 9.956474, 34302488348000
-0.299648, 0.000000, 9.466142, 34302506902000
-0.299648, 0.000000, 9.466142, 34302506902000
-0.299648, 0.000000, 9.466142, 34302506902000
-0.531194, -0.108963, 9.806650, 34302525121000
-0.531194, -0.108963, 9.806650, 34302525121000
-0.531194, -0.108963, 9.806650, 34302525121000
-0.572055, -0.040861, 9.997335, 34302543249000
-0.572055, -0.040861, 9.997335, 34302543249000
-0.572055, -0.040861, 9.997335, 34302543249000
-0.190685, -0.081722, 9.847511, 34302561559000
-0.190685, -0.081722, 9.847511, 34302561559000
-0.190685, -0.081722, 9.847511, 34302561559000
0.040861, -0.272407, 9.888372, 34302579565000
0.040861, -0.272407, 9.888372, 34302579565000
0.040861, -0.272407, 9.888372, 34302579565000
-0.081722, -0.081722, 9.997335, 34302597753000
-0.081722, -0.081722, 9.997335, 34302597753000
-0.081722, -0.081722, 9.997335, 34302597753000
0.231546, 0.081722, 9.656827, 34302615758000
0.231546, 0.081722, 9.656827, 34302615758000
0.231546, 0.081722, 9.656827, 34302615758000
0.190685, 0.108963, 9.656827, 34302633733000
0.190685, 0.108963, 9.656827, 34302633733000
0.190685, 0.108963, 9.656827, 34302633733000
0.272407, -0.190685, 9.697687, 34302652349000
0.272407, -0.190685, 9.697687, 34302652349000
0.272407, -0.190685, 9.697687, 34302652349000
0.313268, -0.422231, 9.888372, 34302670385000
0.313268, -0.422231, 9.888372, 34302670385000
0.313268, -0.422231, 9.888372, 34302670385000
0.340509, -0.340509, 9.915613, 34302688207000
0.340509, -0.340509, 9.915613, 34302688207000
0.340509, -0.340509, 9.915613, 34302688207000
0.340509, -0.231546, 9.765789, 34302706335000
0.340509, -0.231546, 9.765789, 34302706335000
0.340509, -0.231546, 9.765789, 34302706335000
0.422231, -0.272407, 9.765789, 34302724950000
0.422231, -0.272407, 9.765789, 34302724950000
0.422231, -0.272407, 9.765789, 34302724950000
0.572055, -0.272407, 9.806650, 34302743017000
0.572055, -0.272407, 9.806650, 34302743017000
0.572055, -0.272407, 9.806650, 34302743017000
0.503953, -0.108963, 9.765789, 34302760961000
0.503953, -0.108963, 9.765789, 34302760961000
0.503953, -0.108963, 9.765789, 34302760961000
0.422231, 0.000000, 9.724928, 34302780584000
0.422231, 0.000000, 9.724928, 34302780584000
0.422231, 0.000000, 9.724928, 34302780584000
0.463092, 0.000000, 9.724928, 34302798833000
0.463092, 0.000000, 9.724928, 34302798833000
0.463092, 0.000000, 9.724928, 34302798833000
0.272407, 0.108963, 9.765789, 34302816869000
0.272407, 0.108963, 9.765789, 34302816869000
0.272407, 0.108963, 9.765789, 34302816869000
0.149824, 0.190685, 9.724928, 34302835424000
0.149824, 0.190685, 9.724928, 34302835424000
0.149824, 0.190685, 9.724928, 34302835424000
0.313268, 0.149824, 9.656827, 34302858312000
0.313268, 0.149824, 9.656827, 34302858312000
0.313268, 0.149824, 9.656827, 34302858312000
0.231546, 0.149824, 9.724928, 34302876073000
0.231546, 0.149824, 9.724928, 34302876073000
0.231546, 0.149824, 9.724928, 34302876073000
0.231546, 0.149824, 9.806650, 34302895788000
0.231546, 0.149824, 9.806650, 34302895788000
0.231546, 0.149824, 9.806650, 34302895788000
0.272407, 0.000000, 9.724928, 34302939001000
0.272407, 0.000000, 9.724928, 34302939001000
0.272407, 0.000000, 9.724928, 34302939001000
-0.000000, 0.000000, 9.765789, 34303112096000
-0.000000, 0.000000, 9.765789, 34303112096000
-0.000000, 0.000000, 9.765789, 34303112096000
0.040861, 0.108963, 9.765789, 34303130956000
0.040861, 0.108963, 9.765789, 34303130956000
0.040861, 0.108963, 9.765789, 34303130956000
-0.040861, 0.081722, 9.724928, 34303149145000
-0.040861, 0.081722, 9.724928, 34303149145000
-0.040861, 0.081722, 9.724928, 34303149145000
0.081722, 0.000000, 9.724928, 34303166997000
0.081722, 0.000000, 9.724928, 34303166997000
0.081722, 0.000000, 9.724928, 34303166997000
0.081722, -0.081722, 9.765789, 34303185064000
0.081722, -0.081722, 9.765789, 34303185064000
0.081722, -0.081722, 9.765789, 34303185064000
0.149824, 0.000000, 9.765789, 34303204412000
0.149824, 0.000000, 9.765789, 34303204412000
0.149824, 0.000000, 9.765789, 34303204412000
0.231546, 0.081722, 9.765789, 34303222661000
0.231546, 0.081722, 9.765789, 34303222661000
0.231546, 0.081722, 9.765789, 34303222661000
0.313268, 0.040861, 9.765789, 34303241888000
0.313268, 0.040861, 9.765789, 34303241888000
0.313268, 0.040861, 9.765789, 34303241888000
0.313268, 0.081722, 9.697687, 34303263769000
0.313268, 0.081722, 9.697687, 34303263769000
0.313268, 0.081722, 9.697687, 34303263769000
0.149824, 0.108963, 9.697687, 34303281866000
0.149824, 0.108963, 9.697687, 34303281866000
0.149824, 0.108963, 9.697687, 34303281866000
0.108963, 0.000000, 9.697687, 34303301641000
0.108963, 0.000000, 9.697687, 34303301641000
0.108963, 0.000000, 9.697687, 34303301641000
0.149824, -0.081722, 9.724928, 34303321874000
0.149824, -0.081722, 9.724928, 34303321874000
0.149824, -0.081722, 9.724928, 34303321874000
0.190685, -0.040861, 9.765789, 34303341894000
0.190685, -0.040861, 9.765789, 34303341894000
0.190685, -0.040861, 9.765789, 34303341894000
0.040861, 0.000000, 9.765789, 34303361120000
0.040861, 0.000000, 9.765789, 34303361120000
0.040861, 0.000000, 9.765789, 34303361120000
0.040861, -0.040861, 9.765789, 34303379278000
0.040861, -0.040861, 9.765789, 34303379278000
0.040861, -0.040861, 9.765789, 34303379278000
0.108963, -0.108963, 9.765789, 34303397924000
0.108963, -0.108963, 9.765789, 34303397924000
0.108963, -0.108963, 9.765789, 34303397924000
0.081722, -0.149824, 9.724928, 34303415716000
0.081722, -0.149824, 9.724928, 34303415716000
0.081722, -0.149824, 9.724928, 34303415716000
-0.000000, -0.108963, 9.765789, 34303434301000
-0.000000, -0.108963, 9.765789, 34303434301000
-0.000000, -0.108963, 9.765789, 34303434301000
-0.000000, -0.040861, 9.765789, 34303452520000
-0.000000, -0.040861, 9.765789, 34303452520000
-0.000000, -0.040861, 9.765789, 34303452520000
0.040861, -0.040861, 9.806650, 34303470495000
0.040861, -0.040861, 9.806650, 34303470495000
0.040861, -0.040861, 9.806650, 34303470495000
0.149824, -0.081722, 9.765789, 34303488958000
0.149824, -0.081722, 9.765789, 34303488958000
0.149824, -0.081722, 9.765789, 34303488958000
0.149824, 0.000000, 9.765789, 34303506963000
0.149824, 0.000000, 9.765789, 34303506963000
0.040861, 0.108963, 9.724928, 34303524908000
0.040861, 0.108963, 9.724928, 34303524908000
0.040861, 0.108963, 9.724928, 34303524908000
-0.000000, 0.081722, 9.765789, 34303543340000
-0.000000, 0.081722, 9.765789, 34303543340000
-0.000000, 0.081722, 9.765789, 34303543340000
0.081722, -0.040861, 9.765789, 34303561803000
0.081722, -0.040861, 9.765789, 34303561803000
0.081722, -0.040861, 9.765789, 34303561803000
0.081722, -0.040861, 9.724928, 34303580144000
0.081722, -0.040861, 9.724928, 34303580144000
0.081722, -0.040861, 9.724928, 34303580144000
0.040861, 0.081722, 9.724928, 34303598577000
0.040861, 0.081722, 9.724928, 34303598577000
0.040861, 0.081722, 9.724928, 34303598577000
0.040861, 0.108963, 9.765789, 34303616552000
0.040861, 0.108963, 9.765789, 34303616552000
0.040861, 0.108963, 9.765789, 34303616552000
0.081722, -0.040861, 9.765789, 34303636632000
0.081722, -0.040861, 9.765789, 34303636632000
0.081722, -0.040861, 9.765789, 34303636632000
0.149824, -0.190685, 9.724928, 34303654851000
0.149824, -0.190685, 9.724928, 34303654851000
0.149824, -0.190685, 9.724928, 34303654851000
0.108963, -0.108963, 9.724928, 34303673040000
0.108963, -0.108963, 9.724928, 34303673040000
0.108963, -0.108963, 9.724928, 34303673040000
0.081722, -0.040861, 9.765789, 34303691289000
0.081722, -0.040861, 9.765789, 34303691289000
0.081722, -0.040861, 9.765789, 34303691289000
0.108963, -0.040861, 9.765789, 34303709814000
0.108963, -0.040861, 9.765789, 34303709814000
0.108963, -0.040861, 9.765789, 34303709814000
0.231546, -0.081722, 9.806650, 34303727972000
0.231546, -0.081722, 9.806650, 34303727972000
0.231546, -0.081722, 9.806650, 34303727972000
0.149824, -0.081722, 9.888372, 34303746282000
0.149824, -0.081722, 9.888372, 34303746282000
0.149824, -0.081722, 9.888372, 34303746282000
0.149824, 0.040861, 9.806650, 34303765325000
0.149824, 0.040861, 9.806650, 34303765325000
0.149824, 0.040861, 9.806650, 34303765325000
0.081722, 0.149824, 9.724928, 34303784734000
0.081722, 0.149824, 9.724928, 34303784734000
0.081722, 0.149824, 9.724928, 34303784734000
-0.000000, 0.108963, 9.697687, 34303803014000
-0.000000, 0.108963, 9.697687, 34303803014000
-0.000000, 0.108963, 9.697687, 34303803014000
0.040861, 0.000000, 9.724928, 34303820959000
0.040861, 0.000000, 9.724928, 34303820959000
0.040861, 0.000000, 9.724928, 34303820959000
-0.040861, 0.000000, 9.765789, 34303839452000
-0.040861, 0.000000, 9.765789, 34303839452000
-0.040861, 0.000000, 9.765789, 34303839452000
-0.108963, 0.040861, 9.806650, 34303857641000
-0.108963, 0.040861, 9.806650, 34303857641000
-0.108963, 0.040861, 9.806650, 34303857641000
-0.108963, -0.040861, 9.765789, 34303876379000
-0.108963, -0.040861, 9.765789, 34303876379000
-0.108963, -0.040861, 9.765789, 34303876379000
-0.081722, -0.081722, 9.724928, 34303894689000
-0.081722, -0.081722, 9.724928, 34303894689000
-0.081722, -0.081722, 9.724928, 34303894689000
-0.081722, 0.000000, 9.724928, 34303912511000
-0.081722, 0.000000, 9.724928, 34303912511000
-0.081722, 0.000000, 9.724928, 34303912511000
-0.040861, 0.040861, 9.724928, 34303930517000
-0.040861, 0.040861, 9.724928, 34303930517000
-0.040861, 0.040861, 9.724928, 34303930517000
-0.081722, -0.108963, 9.724928, 34303949529000
-0.081722, -0.108963, 9.724928, 34303949529000
-0.081722, -0.108963, 9.724928, 34303949529000
-0.040861, -0.149824, 9.806650, 34303968603000
-0.040861, -0.149824, 9.806650, 34303968603000
-0.040861, -0.149824, 9.806650, 34303968603000
0.040861, -0.108963, 9.806650, 34303986516000
0.040861, -0.108963, 9.806650, 34303986516000
0.040861, -0.108963, 9.806650, 34303986516000
-0.040861, 0.000000, 9.806650, 34304022954000
-0.040861, 0.000000, 9.806650, 34304022954000
-0.040861, 0.000000, 9.806650, 34304022954000
-0.190685, 0.081722, 9.806650, 34304042394000
-0.190685, 0.081722, 9.806650, 34304042394000
-0.190685, 0.081722, 9.806650, 34304042394000
-0.190685, 0.081722, 9.765789, 34304061559000
-0.190685, 0.081722, 9.765789, 34304061559000
-0.190685, 0.081722, 9.765789, 34304061559000
-0.081722, 0.000000, 9.724928, 34304079931000
-0.081722, 0.000000, 9.724928, 34304079931000
-0.081722, 0.000000, 9.724928, 34304079931000
-0.108963, 0.000000, 9.765789, 34304115942000
-0.108963, 0.000000, 9.765789, 34304115942000
-0.108963, 0.000000, 9.765789, 34304115942000
-0.149824, -0.040861, 9.806650, 34304133977000
-0.149824, -0.040861, 9.806650, 34304133977000
-0.149824, -0.040861, 9.806650, 34304133977000
-0.190685, -0.040861, 9.765789, 34304152257000
-0.190685, -0.040861, 9.765789, 34304152257000
-0.190685, -0.040861, 9.765789, 34304152257000
-0.149824, 0.081722, 9.765789, 34304171270000
-0.149824, 0.081722, 9.765789, 34304171270000
-0.149824, 0.081722, 9.765789, 34304171270000
-0.000000, 0.149824, 9.765789, 34304189947000
-0.000000, 0.149824, 9.765789, 34304189947000
-0.000000, 0.149824, 9.765789, 34304189947000
0.081722, 0.040861, 9.806650, 34304209173000
0.081722, 0.040861, 9.806650, 34304209173000
0.081722, 0.040861, 9.806650, 34304209173000
0.040861, -0.040861, 9.847511, 34304230138000
0.040861, -0.040861, 9.847511, 34304230138000
0.040861, -0.040861, 9.847511, 34304230138000
-0.000000, 0.040861, 9.765789, 34304249303000
-0.000000, 0.040861, 9.765789, 34304249303000
-0.000000, 0.040861, 9.765789, 34304249303000
-0.000000, 0.040861, 9.724928, 34304267675000
-0.000000, 0.040861, 9.724928, 34304267675000
-0.000000, 0.040861, 9.724928, 34304267675000
-0.040861, -0.081722, 9.765789, 34304286138000
-0.040861, -0.081722, 9.765789, 34304286138000
-0.040861, -0.081722, 9.765789, 34304286138000
-0.000000, -0.231546, 9.806650, 34304303930000
-0.000000, -0.231546, 9.806650, 34304303930000
-0.000000, -0.231546, 9.806650, 34304303930000
-0.081722, -0.299648, 9.847511, 34304322332000
-0.081722, -0.299648, 9.847511, 34304322332000
-0.081722, -0.299648, 9.847511, 34304322332000
-0.040861, -0.231546, 9.765789, 34304341802000
-0.040861, -0.231546, 9.765789, 34304341802000
-0.040861, -0.231546, 9.765789, 34304341802000
0.040861, 0.000000, 9.765789, 34304359807000
0.040861, 0.000000, 9.765789, 34304359807000
0.040861, 0.000000, 9.765789, 34304359807000
0.313268, -0.108963, 9.724928, 34304378301000
0.313268, -0.108963, 9.724928, 34304378301000
0.313268, -0.108963, 9.724928, 34304378301000
0.422231, -0.149824, 9.724928, 34304396276000
0.422231, -0.149824, 9.724928, 34304396276000
0.422231, -0.149824, 9.724928, 34304396276000
0.381370, -0.081722, 9.765789, 34304414190000
0.381370, -0.081722, 9.765789, 34304414190000
0.381370, -0.081722, 9.765789, 34304414190000
0.381370, -0.040861, 9.697687, 34304432287000
0.381370, -0.040861, 9.697687, 34304432287000
0.381370, -0.040861, 9.697687, 34304432287000
0.463092, 0.000000, 9.724928, 34304454626000
0.463092, 0.000000, 9.724928, 34304454626000
0.463092, 0.000000, 9.724928, 34304454626000
0.463092, 0.149824, 9.724928, 34304472936000
0.463092, 0.149824, 9.724928, 34304472936000
0.463092, 0.149824, 9.724928, 34304472936000
0.422231, 0.149824, 9.697687, 34304492315000
0.422231, 0.149824, 9.697687, 34304492315000
0.422231, 0.149824, 9.697687, 34304492315000
0.422231, 0.081722, 9.697687, 34304510717000
0.422231, 0.081722, 9.697687, 34304510717000
0.422231, 0.081722, 9.697687, 34304510717000
0.313268, 0.108963, 9.697687, 34304529211000
0.313268, 0.108963, 9.697687, 34304529211000
0.313268, 0.108963, 9.697687, 34304529211000
0.108963, 0.081722, 9.724928, 34304547338000
0.108963, 0.081722, 9.724928, 34304547338000
0.108963, 0.081722, 9.724928, 34304547338000
-0.000000, 0.040861, 9.765789, 34304565557000
-0.000000, 0.040861, 9.765789, 34304565557000
-0.000000, 0.040861, 9.765789, 34304565557000
-0.149824, 0.040861, 9.765789, 34304583959000
-0.149824, 0.040861, 9.765789, 34304583959000
-0.149824, 0.040861, 9.765789, 34304583959000
-0.190685, 0.000000, 9.765789, 34304602514000
-0.190685, 0.000000, 9.765789, 34304602514000
-0.190685, 0.000000, 9.765789, 34304602514000
-0.149824, -0.149824, 9.806650, 34304620489000
-0.149824, -0.149824, 9.806650, 34304620489000
-0.149824, -0.149824, 9.806650, 34304620489000
-0.000000, -0.272407, 9.847511, 34304640142000
-0.000000, -0.272407, 9.847511, 34304640142000
-0.000000, -0.272407, 9.847511, 34304640142000
-0.081722, -0.040861, 9.806650, 34304658666000
-0.081722, -0.040861, 9.806650, 34304658666000
-0.081722, -0.040861, 9.806650, 34304658666000
-0.081722, 0.149824, 9.765789, 34304677007000
-0.081722, 0.149824, 9.765789, 34304677007000
-0.081722, 0.149824, 9.765789, 34304677007000
-0.081722, 0.108963, 9.724928, 34304694738000
-0.081722, 0.108963, 9.724928, 34304694738000
-0.081722, 0.108963, 9.724928, 34304694738000
-0.108963, 0.040861, 9.724928, 34304712896000
-0.108963, 0.040861, 9.724928, 34304712896000
-0.108963, 0.040861, 9.724928, 34304712896000
-0.108963, 0.000000, 9.724928, 34304730688000
-0.108963, 0.000000, 9.724928, 34304730688000
-0.108963, 0.000000, 9.724928, 34304730688000
-0.190685, 0.040861, 9.806650, 34304748662000
-0.190685, 0.040861, 9.806650, 34304748662000
-0.190685, 0.040861, 9.806650, 34304748662000
-0.108963, -0.040861, 9.806650, 34304766729000
-0.108963, -0.040861, 9.806650, 34304766729000
-0.108963, -0.040861, 9.806650, 34304766729000
-0.081722, -0.108963, 9.724928, 34304785528000
-0.081722, -0.108963, 9.724928, 34304785528000
-0.081722, -0.108963, 9.724928, 34304785528000
-0.040861, 0.000000, 9.724928, 34304805028000
-0.040861, 0.000000, 9.724928, 34304805028000
-0.040861, 0.000000, 9.724928, 34304805028000
0.040861, -0.149824, 9.765789, 34304849859000
0.040861, -0.149824, 9.765789, 34304849859000
0.040861, -0.149824, 9.765789, 34304849859000
0.040861, -0.272407, 9.765789, 34304868291000
0.040861, -0.272407, 9.765789, 34304868291000
0.040861, -0.272407, 9.765789, 34304868291000
0.040861, -0.149824, 9.806650, 34304887304000
0.040861, -0.149824, 9.806650, 34304887304000
0.040861, -0.149824, 9.806650, 34304887304000
0.190685, -0.040861, 9.724928, 34304905157000
0.190685, -0.040861, 9.724928, 34304905157000
0.190685, -0.040861, 9.724928, 34304905157000
0.381370, 0.000000, 9.724928, 34304923406000
0.381370, 0.000000, 9.724928, 34304923406000
0.381370, 0.000000, 9.724928, 34304923406000
0.612916, -0.081722, 9.765789, 34304942205000
0.612916, -0.081722, 9.765789, 34304942205000
0.612916, -0.081722, 9.765789, 34304942205000
0.762739, 0.040861, 9.724928, 34304959966000
0.762739, 0.040861, 9.724928, 34304959966000
0.762739, 0.040861, 9.724928, 34304959966000
0.762739, 0.231546, 9.724928, 34304978551000
0.762739, 0.231546, 9.724928, 34304978551000
0.762739, 0.231546, 9.724928, 34304978551000
0.721878, 0.313268, 9.697687, 34304996313000
0.721878, 0.313268, 9.697687, 34304996313000
0.721878, 0.313268, 9.697687, 34304996313000
0.653777, 0.108963, 9.724928, 34305014715000
0.653777, 0.108963, 9.724928, 34305014715000
0.653777, 0.108963, 9.724928, 34305014715000
0.503953, 0.000000, 9.765789, 34305032812000
0.503953, 0.000000, 9.765789, 34305032812000
0.503953, 0.000000, 9.765789, 34305032812000
0.272407, -0.081722, 9.765789, 34305051000000
0.272407, -0.081722, 9.765789, 34305051000000
0.272407, -0.081722, 9.765789, 34305051000000
0.108963, -0.149824, 9.806650, 34305069097000
0.108963, -0.149824, 9.806650, 34305069097000
0.108963, -0.149824, 9.806650, 34305069097000
0.272407, -0.081722, 9.765789, 34305104986000
0.272407, -0.081722, 9.765789, 34305104986000
0.272407, -0.081722, 9.765789, 34305104986000
0.572055, -0.108963, 9.724928, 34305122961000
0.572055, -0.108963, 9.724928, 34305122961000
0.572055, -0.108963, 9.724928, 34305122961000
0.694638, -0.040861, 9.765789, 34305142980000
0.694638, -0.040861, 9.765789, 34305142980000
0.694638, -0.040861, 9.765789, 34305142980000
0.653777, 0.000000, 9.724928, 34305162023000
0.653777, 0.000000, 9.724928, 34305162023000
0.653777, 0.000000, 9.724928, 34305162023000
0.612916, -0.040861, 9.724928, 34305179937000
0.612916, -0.040861, 9.724928, 34305179937000
0.612916, -0.040861, 9.724928, 34305179937000
0.503953, -0.040861, 9.656827, 34305198522000
0.503953, -0.040861, 9.656827, 34305198522000
0.503953, -0.040861, 9.656827, 34305198522000
0.313268, 0.108963, 9.656827, 34305218023000
0.313268, 0.108963, 9.656827, 34305218023000
0.313268, 0.108963, 9.656827, 34305218023000
0.272407, 0.108963, 9.697687, 34305236028000
0.272407, 0.108963, 9.697687, 34305236028000
0.272407, 0.108963, 9.697687, 34305236028000
0.108963, 0.040861, 9.724928, 34305254491000
0.108963, 0.040861, 9.724928, 34305254491000
0.108963, 0.040861, 9.724928, 34305254491000
-0.000000, -0.040861, 9.847511, 34305274114000
-0.000000, -0.040861, 9.847511, 34305274114000
-0.000000, -0.040861, 9.847511, 34305274114000
-0.040861, -0.149824, 9.765789, 34305294897000
-0.040861, -0.149824, 9.765789, 34305294897000
-0.040861, -0.149824, 9.765789, 34305294897000
0.108963, -0.190685, 9.697687, 34305312932000
0.108963, -0.190685, 9.697687, 34305312932000
0.108963, -0.190685, 9.697687, 34305312932000
0.313268, -0.081722, 9.765789, 34305333898000
0.313268, -0.081722, 9.765789, 34305333898000
0.313268, -0.081722, 9.765789, 34305333898000
0.313268, 0.108963, 9.765789, 34305351873000
0.313268, 0.108963, 9.765789, 34305351873000
0.313268, 0.108963, 9.765789, 34305351873000
0.149824, 0.149824, 9.765789, 34305370244000
0.149824, 0.149824, 9.765789, 34305370244000
0.149824, 0.149824, 9.765789, 34305370244000
0.108963, 0.108963, 9.765789, 34305388860000
0.108963, 0.108963, 9.765789, 34305388860000
0.108963, 0.108963, 9.765789, 34305388860000
0.040861, 0.081722, 9.724928, 34305407812000
0.040861, 0.081722, 9.724928, 34305407812000
0.040861, 0.081722, 9.724928, 34305407812000
0.040861, 0.000000, 9.765789, 34305426397000
0.040861, 0.000000, 9.765789, 34305426397000
0.040861, 0.000000, 9.765789, 34305426397000
0.081722, -0.040861, 9.765789, 34305444585000
0.081722, -0.040861, 9.765789, 34305444585000
0.081722, -0.040861, 9.765789, 34305444585000
0.081722, -0.040861, 9.806650, 34305466588000
0.081722, -0.040861, 9.806650, 34305466588000
0.081722, -0.040861, 9.806650, 34305466588000
0.081722, -0.081722, 9.765789, 34305484838000
0.081722, -0.081722, 9.765789, 34305484838000
0.081722, -0.081722, 9.765789, 34305484838000
0.081722, -0.081722, 9.697687, 34305503332000
0.081722, -0.081722, 9.697687, 34305503332000
0.081722, -0.081722, 9.697687, 34305503332000
0.190685, 0.000000, 9.724928, 34305521520000
0.190685, 0.000000, 9.724928, 34305521520000
0.190685, 0.000000, 9.724928, 34305521520000
0.149824, 0.081722, 9.765789, 34305540136000
0.149824, 0.081722, 9.765789, 34305540136000
0.149824, 0.081722, 9.765789, 34305540136000
0.149824, 0.000000, 9.806650, 34305558691000
0.149824, 0.000000, 9.806650, 34305558691000
0.149824, 0.000000, 9.806650, 34305558691000
0.149824, -0.040861, 9.806650, 34305576543000
0.149824, -0.040861, 9.806650, 34305576543000
0.149824, -0.040861, 9.806650, 34305576543000
-0.040861, 0.000000, 9.765789, 34305595068000
-0.040861, 0.000000, 9.765789, 34305595068000
-0.040861, 0.000000, 9.765789, 34305595068000
-0.081722, 0.040861, 9.806650, 34305613622000
-0.081722, 0.040861, 9.806650, 34305613622000
-0.081722, 0.040861, 9.806650, 34305613622000
0.040861, 0.000000, 9.806650, 34305631567000
0.040861, 0.000000, 9.806650, 34305631567000
0.040861, 0.000000, 9.806650, 34305631567000
0.108963, -0.040861, 9.806650, 34305650304000
0.108963, -0.040861, 9.806650, 34305650304000
0.108963, -0.040861, 9.806650, 34305650304000
0.149824, -0.040861, 9.765789, 34305668584000
0.149824, -0.040861, 9.765789, 34305668584000
0.149824, -0.040861, 9.765789, 34305668584000
0.231546, -0.081722, 9.724928, 34305686468000
0.231546, -0.081722, 9.724928, 34305686468000
0.231546, -0.081722, 9.724928, 34305686468000
0.231546, 0.000000, 9.765789, 34305704809000
0.231546, 0.000000, 9.765789, 34305704809000
0.231546, 0.000000, 9.765789, 34305704809000
0.190685, 0.000000, 9.765789, 34305723180000
0.190685, 0.000000, 9.765789, 34305723180000
0.190685, 0.000000, 9.765789, 34305723180000
0.272407, -0.081722, 9.765789, 34305741827000
0.272407, -0.081722, 9.765789, 34305741827000
0.272407, -0.081722, 9.765789, 34305741827000
0.272407, 0.000000, 9.724928, 34305759923000
0.272407, 0.000000, 9.724928, 34305759923000
0.272407, 0.000000, 9.724928, 34305759923000
0.313268, 0.040861, 9.724928, 34305779577000
0.313268, 0.040861, 9.724928, 34305779577000
0.313268, 0.040861, 9.724928, 34305779577000
0.313268, 0.040861, 9.697687, 34305798040000
0.313268, 0.040861, 9.697687, 34305798040000
0.313268, 0.040861, 9.697687, 34305798040000
0.381370, 0.000000, 9.724928, 34305816015000
0.381370, 0.000000, 9.724928, 34305816015000
0.381370, 0.000000, 9.724928, 34305816015000
0.340509, -0.081722, 9.765789, 34305834295000
0.340509, -0.081722, 9.765789, 34305834295000
0.340509, -0.081722, 9.765789, 34305834295000
0.272407, -0.081722, 9.806650, 34305853002000
0.272407, -0.081722, 9.806650, 34305853002000
0.272407, -0.081722, 9.806650, 34305853002000
0.231546, -0.040861, 9.765789, 34305871557000
0.231546, -0.040861, 9.765789, 34305871557000
0.231546, -0.040861, 9.765789, 34305871557000
0.149824, -0.081722, 9.765789, 34305889440000
0.149824, -0.081722, 9.765789, 34305889440000
0.149824, -0.081722, 9.765789, 34305889440000
0.149824, -0.108963, 9.724928, 34305907598000
0.149824, -0.108963, 9.724928, 34305907598000
0.149824, -0.108963, 9.724928, 34305907598000
0.108963, -0.040861, 9.724928, 34305927282000
0.108963, -0.040861, 9.724928, 34305927282000
0.108963, -0.040861, 9.724928, 34305927282000
-0.040861, -0.081722, 9.765789, 34305945470000
-0.040861, -0.081722, 9.765789, 34305945470000
-0.040861, -0.081722, 9.765789, 34305945470000
0.040861, -0.149824, 9.724928, 34305963689000
0.040861, -0.149824, 9.724928, 34305963689000
0.040861, -0.149824, 9.724928, 34305963689000
0.231546, -0.040861, 9.724928, 34305982549000
0.231546, -0.040861, 9.724928, 34305982549000
0.231546, -0.040861, 9.724928, 34305982549000
0.340509, 0.108963, 9.724928, 34306002050000
0.340509, 0.108963, 9.724928, 34306002050000
0.340509, 0.108963, 9.724928, 34306002050000
0.463092, 0.081722, 9.697687, 34306019933000
0.463092, 0.081722, 9.697687, 34306019933000
0.463092, 0.081722, 9.697687, 34306019933000
0.231546, 0.040861, 9.724928, 34306038640000
0.231546, 0.040861, 9.724928, 34306038640000
0.231546, 0.040861, 9.724928, 34306038640000
-0.000000, 0.000000, 9.765789, 34306057531000
-0.000000, 0.000000, 9.765789, 34306057531000
-0.000000, 0.000000, 9.765789, 34306057531000
-0.000000, -0.108963, 9.765789, 34306076208000
-0.000000, -0.108963, 9.765789, 34306076208000
-0.000000, -0.108963, 9.765789, 34306076208000
-0.040861, -0.190685, 9.806650, 34306094182000
-0.040861, -0.190685, 9.806650, 34306094182000
-0.040861, -0.190685, 9.806650, 34306094182000
-0.040861, -0.149824, 9.806650, 34306112279000
-0.040861, -0.149824, 9.806650, 34306112279000
-0.040861, -0.149824, 9.806650, 34306112279000
-0.040861, -0.040861, 9.806650, 34306130590000
-0.040861, -0.040861, 9.806650, 34306130590000
-0.040861, -0.040861, 9.806650, 34306130590000
0.081722, -0.081722, 9.847511, 34306148473000
0.081722, -0.081722, 9.847511, 34306148473000
0.081722, -0.081722, 9.847511, 34306148473000
0.313268, -0.108963, 9.806650, 34306167547000
0.313268, -0.108963, 9.806650, 34306167547000
0.313268, -0.108963, 9.806650, 34306167547000
0.463092, 0.000000, 9.765789, 34306187292000
0.463092, 0.000000, 9.765789, 34306187292000
0.463092, 0.000000, 9.765789, 34306187292000
0.612916, 0.081722, 9.765789, 34306205266000
0.612916, 0.081722, 9.765789, 34306205266000
0.612916, 0.081722, 9.765789, 34306205266000
0.694638, 0.108963, 9.724928, 34306224828000
0.694638, 0.108963, 9.724928, 34306224828000
0.694638, 0.108963, 9.724928, 34306224828000
0.422231, 0.108963, 9.765789, 34306243474000
0.422231, 0.108963, 9.765789, 34306243474000
0.422231, 0.108963, 9.765789, 34306243474000
0.190685, -0.081722, 9.765789, 34306262487000
0.190685, -0.081722, 9.765789, 34306262487000
0.190685, -0.081722, 9.765789, 34306262487000
0.108963, -0.108963, 9.765789, 34306281408000
0.108963, -0.108963, 9.765789, 34306281408000
0.108963, -0.108963, 9.765789, 34306281408000
-0.040861, -0.108963, 9.765789, 34306300146000
-0.040861, -0.108963, 9.765789, 34306300146000
-0.040861, -0.108963, 9.765789, 34306300146000
-0.081722, -0.040861, 9.806650, 34306317937000
-0.081722, -0.040861, 9.806650, 34306317937000
-0.081722, -0.040861, 9.806650, 34306317937000
-0.231546, 0.000000, 9.765789, 34306354253000
-0.231546, 0.000000, 9.765789, 34306354253000
-0.231546, 0.000000, 9.765789, 34306354253000
-0.299648, -0.081722, 9.765789, 34306372655000
-0.299648, -0.081722, 9.765789, 34306372655000
-0.299648, -0.081722, 9.765789, 34306372655000
-0.299648, -0.108963, 9.765789, 34306390600000
-0.299648, -0.108963, 9.765789, 34306390600000
-0.299648, -0.108963, 9.765789, 34306390600000
-0.272407, -0.149824, 9.806650, 34306408788000
-0.272407, -0.149824, 9.806650, 34306408788000
-0.272407, -0.149824, 9.806650, 34306408788000
-0.231546, -0.149824, 9.847511, 34306427099000
-0.231546, -0.149824, 9.847511, 34306427099000
-0.231546, -0.149824, 9.847511, 34306427099000
-0.231546, -0.040861, 9.847511, 34306446020000
-0.231546, -0.040861, 9.847511, 34306446020000
-0.231546, -0.040861, 9.847511, 34306446020000
-0.272407, 0.000000, 9.765789, 34306465490000
-0.272407, 0.000000, 9.765789, 34306465490000
-0.272407, 0.000000, 9.765789, 34306465490000
-0.231546, 0.000000, 9.765789, 34306487829000
-0.231546, 0.000000, 9.765789, 34306487829000
-0.231546, 0.000000, 9.765789, 34306487829000
-0.149824, 0.040861, 9.806650, 34306505559000
-0.149824, 0.040861, 9.806650, 34306505559000
-0.149824, 0.040861, 9.806650, 34306505559000
-0.000000, 0.040861, 9.724928, 34306523321000
-0.000000, 0.040861, 9.724928, 34306523321000
-0.000000, 0.040861, 9.724928, 34306523321000
0.108963, 0.000000, 9.724928, 34306541082000
0.108963, 0.000000, 9.724928, 34306541082000
0.108963, 0.000000, 9.724928, 34306541082000
0.040861, 0.040861, 9.806650, 34306559057000
0.040861, 0.040861, 9.806650, 34306559057000
0.040861, 0.040861, 9.806650, 34306559057000
-0.040861, 0.040861, 9.724928, 34306577032000
-0.040861, 0.040861, 9.724928, 34306577032000
-0.040861, 0.040861, 9.724928, 34306577032000
0.040861, -0.081722, 9.765789, 34306595586000
0.040861, -0.081722, 9.765789, 34306595586000
0.040861, -0.081722, 9.765789, 34306595586000
0.231546, -0.231546, 9.765789, 34306613897000
0.231546, -0.231546, 9.765789, 34306613897000
0.231546, -0.231546, 9.765789, 34306613897000
0.463092, -0.340509, 9.724928, 34306631963000
0.463092, -0.340509, 9.724928, 34306631963000
0.463092, -0.340509, 9.724928, 34306631963000
0.612916, -0.340509, 9.765789, 34306650579000
0.612916, -0.340509, 9.765789, 34306650579000
0.612916, -0.340509, 9.765789, 34306650579000
0.721878, -0.190685, 9.724928, 34306670873000
0.721878, -0.190685, 9.724928, 34306670873000
0.721878, -0.190685, 9.724928, 34306670873000
0.844462, -0.081722, 9.724928, 34306688848000
0.844462, -0.081722, 9.724928, 34306688848000
0.844462, -0.081722, 9.724928, 34306688848000
0.762739, 0.000000, 9.724928, 34306706609000
0.762739, 0.000000, 9.724928, 34306706609000
0.762739, 0.000000, 9.724928, 34306706609000
0.463092, 0.381370, 9.724928, 34306727483000
0.463092, 0.381370, 9.724928, 34306727483000
0.463092, 0.381370, 9.724928, 34306727483000
0.149824, 0.381370, 9.765789, 34306745397000
0.149824, 0.381370, 9.765789, 34306745397000
0.149824, 0.381370, 9.765789, 34306745397000
0.040861, 0.040861, 9.724928, 34306763616000
0.040861, 0.040861, 9.724928, 34306763616000
0.040861, 0.040861, 9.724928, 34306763616000
-0.190685, -0.231546, 9.765789, 34306783330000
-0.190685, -0.231546, 9.765789, 34306783330000
-0.190685, -0.231546, 9.765789, 34306783330000
-0.422231, -0.040861, 9.765789, 34306801519000
-0.422231, -0.040861, 9.765789, 34306801519000
-0.422231, -0.040861, 9.765789, 34306801519000
-0.422231, -0.040861, 9.847511, 34306819250000
-0.422231, -0.040861, 9.847511, 34306819250000
-0.422231, -0.040861, 9.847511, 34306819250000
-0.299648, -0.108963, 9.806650, 34306837682000
-0.299648, -0.108963, 9.806650, 34306837682000
-0.299648, -0.108963, 9.806650, 34306837682000
-0.803600, -0.422231, 9.847511, 34306856145000
-0.803600, -0.422231, 9.847511, 34306856145000
-0.803600, -0.422231, 9.847511, 34306856145000
-0.612916, -0.381370, 9.806650, 34306876562000
-0.612916, -0.381370, 9.806650, 34306876562000
-0.612916, -0.381370, 9.806650, 34306876562000
0.272407, -0.149824, 9.697687, 34306894567000
0.272407, -0.149824, 9.697687, 34306894567000
0.272407, -0.149824, 9.697687, 34306894567000
0.190685, -0.149824, 9.765789, 34306912511000
0.190685, -0.149824, 9.765789, 34306912511000
0.190685, -0.149824, 9.765789, 34306912511000
0.340509, -0.040861, 9.724928, 34306930669000
0.340509, -0.040861, 9.724928, 34306930669000
0.340509, -0.040861, 9.724928, 34306930669000
0.463092, 0.108963, 9.724928, 34306948675000
0.463092, 0.108963, 9.724928, 34306948675000
0.463092, 0.108963, 9.724928, 34306948675000
0.531194, 0.040861, 9.724928, 34306966619000
0.531194, 0.040861, 9.724928, 34306966619000
0.531194, 0.040861, 9.724928, 34306966619000
0.762739, -0.108963, 9.765789, 34306986272000
0.762739, -0.108963, 9.765789, 34306986272000
0.762739, -0.108963, 9.765789, 34306986272000
0.926184, 0.108963, 9.765789, 34307004308000
0.926184, 0.108963, 9.765789, 34307004308000
0.926184, 0.108963, 9.765789, 34307004308000
0.612916, 0.340509, 9.765789, 34307022436000
0.612916, 0.340509, 9.765789, 34307022436000
0.612916, 0.340509, 9.765789, 34307022436000
0.272407, 0.190685, 9.765789, 34307040655000
0.272407, 0.190685, 9.765789, 34307040655000
0.272407, 0.190685, 9.765789, 34307040655000
0.108963, -0.108963, 9.765789, 34307059942000
0.108963, -0.108963, 9.765789, 34307059942000
0.108963, -0.108963, 9.765789, 34307059942000
0.081722, -0.231546, 9.724928, 34307078710000
0.081722, -0.231546, 9.724928, 34307078710000
0.081722, -0.231546, 9.724928, 34307078710000
-0.081722, -0.081722, 9.765789, 34307097326000
-0.081722, -0.081722, 9.765789, 34307097326000
-0.081722, -0.081722, 9.765789, 34307097326000
-0.272407, 0.000000, 9.806650, 34307115118000
-0.272407, 0.000000, 9.806650, 34307115118000
-0.272407, 0.000000, 9.806650, 34307115118000
-0.422231, 0.040861, 9.765789, 34307133337000
-0.422231, 0.040861, 9.765789, 34307133337000
-0.422231, 0.040861, 9.765789, 34307133337000
-0.653777, 0.000000, 9.765789, 34307153814000
-0.653777, 0.000000, 9.765789, 34307153814000
-0.653777, 0.000000, 9.765789, 34307153814000
-0.299648, -0.149824, 9.765789, 34307172124000
-0.299648, -0.149824, 9.765789, 34307172124000
-0.299648, -0.149824, 9.765789, 34307172124000
0.040861, -0.149824, 9.765789, 34307191045000
0.040861, -0.149824, 9.765789, 34307191045000
0.040861, -0.149824, 9.765789, 34307191045000
0.040861, 0.000000, 9.765789, 34307209783000
0.040861, 0.000000, 9.765789, 34307209783000
0.040861, 0.000000, 9.765789, 34307209783000
0.040861, 0.040861, 9.724928, 34307228063000
0.040861, 0.040861, 9.724928, 34307228063000
0.040861, 0.040861, 9.724928, 34307228063000
0.190685, 0.000000, 9.724928, 34307246099000
0.190685, 0.000000, 9.724928, 34307246099000
0.190685, 0.000000, 9.724928, 34307246099000
0.190685, 0.040861, 9.724928, 34307264318000
0.190685, 0.040861, 9.724928, 34307264318000
0.190685, 0.040861, 9.724928, 34307264318000
0.190685, 0.081722, 9.765789, 34307282323000
0.190685, 0.081722, 9.765789, 34307282323000
0.190685, 0.081722, 9.765789, 34307282323000
-0.000000, 0.108963, 9.806650, 34307300329000
-0.000000, 0.108963, 9.806650, 34307300329000
-0.000000, 0.108963, 9.806650, 34307300329000
-0.040861, -0.040861, 9.806650, 34307318334000
-0.040861, -0.040861, 9.806650, 34307318334000
-0.040861, -0.040861, 9.806650, 34307318334000
0.149824, -0.149824, 9.724928, 34307336706000
0.149824, -0.149824, 9.724928, 34307336706000
0.149824, -0.149824, 9.724928, 34307336706000
0.231546, -0.108963, 9.724928, 34307354925000
0.231546, -0.108963, 9.724928, 34307354925000
0.231546, -0.108963, 9.724928, 34307354925000
0.503953, -0.081722, 9.724928, 34307373266000
0.503953, -0.081722, 9.724928, 34307373266000
0.503953, -0.081722, 9.724928, 34307373266000
0.463092, 0.040861, 9.765789, 34307391210000
0.463092, 0.040861, 9.765789, 34307391210000
0.463092, 0.040861, 9.765789, 34307391210000
0.531194, 0.040861, 9.697687, 34307409338000
0.531194, 0.040861, 9.697687, 34307409338000
0.531194, 0.040861, 9.697687, 34307409338000
0.503953, -0.040861, 9.724928, 34307427190000
0.503953, -0.040861, 9.724928, 34307427190000
0.503953, -0.040861, 9.724928, 34307427190000
0.531194, -0.040861, 9.656827, 34307445379000
0.531194, -0.040861, 9.656827, 34307445379000
0.531194, -0.040861, 9.656827, 34307445379000
0.340509, 0.081722, 9.697687, 34307463689000
0.340509, 0.081722, 9.697687, 34307463689000
0.340509, 0.081722, 9.697687, 34307463689000
0.081722, 0.108963, 9.765789, 34307483129000
0.081722, 0.108963, 9.765789, 34307483129000
0.081722, 0.108963, 9.765789, 34307483129000
-0.149824, 0.040861, 9.765789, 34307501897000
-0.149824, 0.040861, 9.765789, 34307501897000
-0.149824, 0.040861, 9.765789, 34307501897000
-0.272407, -0.108963, 9.806650, 34307519659000
-0.272407, -0.108963, 9.806650, 34307519659000
-0.272407, -0.108963, 9.806650, 34307519659000
-0.531194, -0.108963, 9.847511, 34307537847000
-0.531194, -0.108963, 9.847511, 34307537847000
-0.531194, -0.108963, 9.847511, 34307537847000
-0.694638, -0.081722, 9.806650, 34307556127000
-0.694638, -0.081722, 9.806650, 34307556127000
-0.694638, -0.081722, 9.806650, 34307556127000
-0.844462, -0.040861, 9.806650, 34307575140000
-0.844462, -0.040861, 9.806650, 34307575140000
-0.844462, -0.040861, 9.806650, 34307575140000
-0.953424, -0.040861, 9.847511, 34307593206000
-0.953424, -0.040861, 9.847511, 34307593206000
-0.953424, -0.040861, 9.847511, 34307593206000
-0.762739, -0.108963, 9.847511, 34307611547000
-0.762739, -0.108963, 9.847511, 34307611547000
-0.762739, -0.108963, 9.847511, 34307611547000
-0.572055, -0.108963, 9.847511, 34307629583000
-0.572055, -0.108963, 9.847511, 34307629583000
-0.572055, -0.108963, 9.847511, 34307629583000
-0.422231, -0.081722, 9.806650, 34307647985000
-0.422231, -0.081722, 9.806650, 34307647985000
-0.422231, -0.081722, 9.806650, 34307647985000
-0.272407, 0.040861, 9.806650, 34307666509000
-0.272407, 0.040861, 9.806650, 34307666509000
-0.272407, 0.040861, 9.806650, 34307666509000
-0.081722, 0.040861, 9.765789, 34307685796000
-0.081722, 0.040861, 9.765789, 34307685796000
-0.081722, 0.040861, 9.765789, 34307685796000
0.149824, -0.040861, 9.765789, 34307704412000
0.149824, -0.040861, 9.765789, 34307704412000
0.149824, -0.040861, 9.765789, 34307704412000
0.190685, -0.040861, 9.765789, 34307722204000
0.190685, -0.040861, 9.765789, 34307722204000
0.190685, -0.040861, 9.765789, 34307722204000
0.149824, 0.000000, 9.724928, 34307741949000
0.149824, 0.000000, 9.724928, 34307741949000
0.149824, 0.000000, 9.724928, 34307741949000
0.149824, 0.040861, 9.724928, 34307760595000
0.149824, 0.040861, 9.724928, 34307760595000
0.149824, 0.040861, 9.724928, 34307760595000
0.108963, 0.040861, 9.765789, 34307779760000
0.108963, 0.040861, 9.765789, 34307779760000
0.108963, 0.040861, 9.765789, 34307779760000
0.040861, 0.000000, 9.806650, 34307797918000
0.040861, 0.000000, 9.806650, 34307797918000
0.040861, 0.000000, 9.806650, 34307797918000
-0.081722, -0.040861, 9.765789, 34307816289000
-0.081722, -0.040861, 9.765789, 34307816289000
-0.081722, -0.040861, 9.765789, 34307816289000
-0.081722, -0.081722, 9.724928, 34307836645000
-0.081722, -0.081722, 9.724928, 34307836645000
-0.081722, -0.081722, 9.724928, 34307836645000
-0.040861, -0.108963, 9.765789, 34307854742000
-0.040861, -0.108963, 9.765789, 34307854742000
-0.040861, -0.108963, 9.765789, 34307854742000
0.108963, -0.149824, 9.765789, 34307873296000
0.108963, -0.149824, 9.765789, 34307873296000
0.108963, -0.149824, 9.765789, 34307873296000
0.272407, -0.108963, 9.765789, 34307891576000
0.272407, -0.108963, 9.765789, 34307891576000
0.272407, -0.108963, 9.765789, 34307891576000
0.313268, -0.040861, 9.724928, 34307910528000
0.313268, -0.040861, 9.724928, 34307910528000
0.313268, -0.040861, 9.724928, 34307910528000
0.340509, 0.040861, 9.724928, 34307928899000
0.340509, 0.040861, 9.724928, 34307928899000
0.340509, 0.040861, 9.724928, 34307928899000
0.190685, 0.081722, 9.724928, 34307964666000
0.190685, 0.081722, 9.724928, 34307964666000
0.190685, 0.081722, 9.724928, 34307964666000
0.040861, 0.040861, 9.724928, 34307982580000
0.040861, 0.040861, 9.724928, 34307982580000
0.040861, 0.040861, 9.724928, 34307982580000
-0.081722, -0.081722, 9.765789, 34308001012000
-0.081722, -0.081722, 9.765789, 34308001012000
-0.081722, -0.081722, 9.765789, 34308001012000
-0.272407, -0.149824, 9.765789, 34308019323000
-0.272407, -0.149824, 9.765789, 34308019323000
-0.272407, -0.149824, 9.765789, 34308019323000
-0.381370, -0.190685, 9.806650, 34308037450000
-0.381370, -0.190685, 9.806650, 34308037450000
-0.381370, -0.190685, 9.806650, 34308037450000
-0.381370, -0.108963, 9.847511, 34308055578000
-0.381370, -0.108963, 9.847511, 34308055578000
-0.381370, -0.108963, 9.847511, 34308055578000
-0.422231, -0.040861, 9.847511, 34308073919000
-0.422231, -0.040861, 9.847511, 34308073919000
-0.422231, -0.040861, 9.847511, 34308073919000
-0.422231, 0.000000, 9.847511, 34308091741000
-0.422231, 0.000000, 9.847511, 34308091741000
-0.422231, 0.000000, 9.847511, 34308091741000
-0.340509, 0.040861, 9.847511, 34308109930000
-0.340509, 0.040861, 9.847511, 34308109930000
-0.340509, 0.040861, 9.847511, 34308109930000
-0.231546, 0.081722, 9.806650, 34308127813000
-0.231546, 0.081722, 9.806650, 34308127813000
-0.231546, 0.081722, 9.806650, 34308127813000
-0.040861, 0.081722, 9.765789, 34308145666000
-0.040861, 0.081722, 9.765789, 34308145666000
-0.040861, 0.081722, 9.765789, 34308145666000
0.081722, 0.040861, 9.765789, 34308164709000
0.081722, 0.040861, 9.765789, 34308164709000
0.081722, 0.040861, 9.765789, 34308164709000
0.108963, 0.040861, 9.806650, 34308183965000
0.108963, 0.040861, 9.806650, 34308183965000
0.108963, 0.040861, 9.806650, 34308183965000
0.081722, 0.000000, 9.806650, 34308201940000
0.081722, 0.000000, 9.806650, 34308201940000
0.081722, 0.000000, 9.806650, 34308201940000
0.040861, -0.040861, 9.765789, 34308219854000
0.040861, -0.040861, 9.765789, 34308219854000
0.040861, -0.040861, 9.765789, 34308219854000
0.040861, 0.000000, 9.765789, 34308237951000
0.040861, 0.000000, 9.765789, 34308237951000
0.040861, 0.000000, 9.765789, 34308237951000
0.081722, -0.040861, 9.724928, 34308256475000
0.081722, -0.040861, 9.724928, 34308256475000
0.081722, -0.040861, 9.724928, 34308256475000
0.081722, -0.081722, 9.765789, 34308275426000
0.081722, -0.081722, 9.765789, 34308275426000
0.081722, -0.081722, 9.765789, 34308275426000
0.040861, -0.040861, 9.806650, 34308293432000
0.040861, -0.040861, 9.806650, 34308293432000
0.040861, -0.040861, 9.806650, 34308293432000
-0.081722, 0.000000, 9.765789, 34308311559000
-0.081722, 0.000000, 9.765789, 34308311559000
-0.081722, 0.000000, 9.765789, 34308311559000
-0.149824, -0.040861, 9.765789, 34308329320000
-0.149824, -0.040861, 9.765789, 34308329320000
-0.149824, -0.040861, 9.765789, 34308329320000
-0.149824, -0.081722, 9.765789, 34308347021000
-0.149824, -0.081722, 9.765789, 34308347021000
-0.149824, -0.081722, 9.765789, 34308347021000
-0.108963, -0.081722, 9.765789, 34308364995000
-0.108963, -0.081722, 9.765789, 34308364995000
-0.108963, -0.081722, 9.765789, 34308364995000
-0.081722, -0.040861, 9.765789, 34308384405000
-0.081722, -0.040861, 9.765789, 34308384405000
-0.081722, -0.040861, 9.765789, 34308384405000
-0.108963, 0.040861, 9.765789, 34308402318000
-0.108963, 0.040861, 9.765789, 34308402318000
-0.108963, 0.040861, 9.765789, 34308402318000
-0.081722, 0.108963, 9.806650, 34308420293000
-0.081722, 0.108963, 9.806650, 34308420293000
-0.081722, 0.108963, 9.806650, 34308420293000
0.040861, 0.081722, 9.806650, 34308440008000
0.040861, 0.081722, 9.806650, 34308440008000
0.040861, 0.081722, 9.806650, 34308440008000
0.081722, 0.000000, 9.765789, 34308458166000
0.081722, 0.000000, 9.765789, 34308458166000
0.081722, 0.000000, 9.765789, 34308458166000
0.040861, -0.040861, 9.765789, 34308478612000
0.040861, -0.040861, 9.765789, 34308478612000
0.040861, -0.040861, 9.765789, 34308478612000
-0.081722, 0.000000, 9.806650, 34308497655000
-0.081722, 0.000000, 9.806650, 34308497655000
-0.081722, 0.000000, 9.806650, 34308497655000
-0.149824, 0.000000, 9.806650, 34308515661000
-0.149824, 0.000000, 9.806650, 34308515661000
-0.149824, 0.000000, 9.806650, 34308515661000
-0.081722, -0.081722, 9.847511, 34308533727000
-0.081722, -0.081722, 9.847511, 34308533727000
-0.081722, -0.081722, 9.847511, 34308533727000
-0.149824, -0.081722, 9.806650, 34308551916000
-0.149824, -0.081722, 9.806650, 34308551916000
-0.149824, -0.081722, 9.806650, 34308551916000
-0.272407, -0.040861, 9.806650, 34308570196000
-0.272407, -0.040861, 9.806650, 34308570196000
-0.272407, -0.040861, 9.806650, 34308570196000
-0.081722, -0.040861, 9.806650, 34308588354000
-0.081722, -0.040861, 9.806650, 34308588354000
-0.081722, -0.040861, 9.806650, 34308588354000
-0.000000, -0.040861, 9.765789, 34308606298000
-0.000000, -0.040861, 9.765789, 34308606298000
-0.000000, -0.040861, 9.765789, 34308606298000
0.040861, 0.000000, 9.765789, 34308624242000
0.040861, 0.000000, 9.765789, 34308624242000
0.040861, 0.000000, 9.765789, 34308624242000
0.081722, 0.000000, 9.847511, 34308643407000
0.081722, 0.000000, 9.847511, 34308643407000
0.081722, 0.000000, 9.847511, 34308643407000
0.081722, 0.000000, 9.806650, 34308661809000
0.081722, 0.000000, 9.806650, 34308661809000
0.081722, 0.000000, 9.806650, 34308661809000
0.040861, 0.000000, 9.724928, 34308680212000
0.040861, 0.000000, 9.724928, 34308680212000
0.040861, 0.000000, 9.724928, 34308680212000
0.081722, 0.000000, 9.724928, 34308698797000
0.081722, 0.000000, 9.724928, 34308698797000
0.081722, 0.000000, 9.724928, 34308698797000
0.081722, -0.040861, 9.806650, 34308718664000
0.081722, -0.040861, 9.806650, 34308718664000
0.081722, -0.040861, 9.806650, 34308718664000
0.108963, -0.040861, 9.806650, 34308754278000
0.108963, -0.040861, 9.806650, 34308754278000
0.108963, -0.040861, 9.806650, 34308754278000
0.081722, 0.000000, 9.806650, 34308773595000
0.081722, 0.000000, 9.806650, 34308773595000
0.081722, 0.000000, 9.806650, 34308773595000
0.081722, -0.040861, 9.806650, 34308828100000
0.081722, -0.040861, 9.806650, 34308828100000
0.081722, -0.040861, 9.806650, 34308828100000
0.108963, -0.040861, 9.806650, 34308845922000
0.108963, -0.040861, 9.806650, 34308845922000
0.108963, -0.040861, 9.806650, 34308845922000
0.108963, 0.000000, 9.765789, 34308863836000
0.108963, 0.000000, 9.765789, 34308863836000
0.108963, 0.000000, 9.765789, 34308863836000
0.108963, -0.040861, 9.765789, 34308882329000
0.108963, -0.040861, 9.765789, 34308882329000
0.108963, -0.040861, 9.765789, 34308882329000
0.108963, 0.000000, 9.806650, 34308918401000
0.108963, 0.000000, 9.806650, 34308918401000
0.108963, 0.000000, 9.806650, 34308918401000
0.108963, 0.000000, 9.765789, 34308936193000
0.108963, 0.000000, 9.765789, 34308936193000
0.108963, 0.000000, 9.765789, 34308936193000
0.081722, 0.000000, 9.724928, 34308971746000
0.081722, 0.000000, 9.724928, 34308971746000
0.081722, 0.000000, 9.724928, 34308971746000
0.190685, 0.000000, 9.765789, 34308994359000
0.190685, 0.000000, 9.765789, 34308994359000
0.190685, 0.000000, 9.765789, 34308994359000
0.149824, -0.040861, 9.724928, 34309031896000
0.149824, -0.040861, 9.724928, 34309031896000
0.149824, -0.040861, 9.724928, 34309031896000
0.190685, -0.081722, 9.765789, 34309052648000
0.190685, -0.081722, 9.765789, 34309052648000
0.190685, -0.081722, 9.765789, 34309052648000
0.190685, -0.040861, 9.765789, 34309071691000
0.190685, -0.040861, 9.765789, 34309071691000
0.190685, -0.040861, 9.765789, 34309071691000
0.190685, 0.000000, 9.806650, 34309095281000
0.190685, 0.000000, 9.806650, 34309095281000
0.190685, 0.000000, 9.806650, 34309095281000
0.190685, 0.000000, 9.724928, 34309115148000
0.190685, 0.000000, 9.724928, 34309115148000
0.190685, 0.000000, 9.724928, 34309115148000
0.149824, 0.000000, 9.765789, 34309137243000
0.149824, 0.000000, 9.765789, 34309137243000
0.149824, 0.000000, 9.765789, 34309137243000
